   1.8822000e+04   8.3850600e+03   5.5346000e+04   7.6239000e+04   4.5486700e+03   6.7550000e+02   3.7133500e+03   1.7970000e+02   7.5672600e+03   3.3887500e+03   4.1785100e+03   5.5423000e+02   2.6357000e+02   1.9902000e+02   6.4550000e+01   6.4218700e+03   1.9631900e+03   1.5403700e+03   4.2282000e+02   3.2230000e+03   3.2020000e+03   1.4900000e+03
   3.0244000e+04   2.9440590e+04   1.9569600e+05   2.1095600e+05   1.5537700e+04   1.6601100e+03   1.3308740e+04   4.3353000e+02   2.6081640e+04   4.8853600e+03   2.1196290e+04   2.2347100e+03   1.1242400e+03   7.2080000e+02   4.0344000e+02   2.6103750e+04   3.3368400e+03   2.0589300e+03   1.2779100e+03   7.8590000e+03   7.7200000e+03   4.5400000e+03
   2.4660000e+03   9.3296700e+03   4.2009000e+04   4.1570000e+04   4.0209400e+03   9.0408000e+02   2.9473200e+03   3.3630000e+02   8.7781600e+03   3.7106400e+03   5.0675200e+03   4.7194000e+02   7.9570000e+01   7.2300000e+01   7.2700000e+00   8.3764800e+03   9.5319000e+02   6.0921000e+02   3.4398000e+02   9.3400000e+02   9.3400000e+02   3.1800000e+02
   4.3140000e+03   4.2365000e+02   1.3930000e+03   1.9940000e+03   1.4556000e+02   4.3810000e+01   9.7700000e+01   8.0900000e+00   3.2989000e+02   5.3680000e+01   2.7621000e+02   2.1330000e+01   7.2420000e+01   9.2800000e+00   6.3140000e+01   4.1628000e+02   7.3700000e+00   4.8400000e+00   2.5300000e+00   6.9000000e+01   2.3000000e+01   6.0000000e+01
   9.2200000e+02   2.8304390e+04   1.1475800e+05  -1.0000000e+00   1.4843110e+04   6.8180600e+03   6.9857900e+03  -1.0000000e+00   2.4170970e+04   9.2250000e+02   2.3248470e+04   1.4213000e+02   3.9912900e+03   1.1984100e+03   2.7928800e+03   2.7094960e+04   1.2094300e+03   1.1439400e+03   6.5490000e+01   2.9100000e+02   2.7800000e+02   4.7000000e+01
   3.9100000e+02   3.2775120e+04   2.9409000e+04  -1.0000000e+00   1.1962710e+04   9.2420600e+03   1.9856700e+03   9.0649900e+03   1.1987550e+04   1.5592100e+03   1.0428340e+04   8.5760000e+01   2.0701810e+04   2.0627790e+04   7.4020000e+01   2.0216720e+04   1.2558400e+04   1.2523050e+04   3.5350000e+01   1.7600000e+02   1.6500000e+02   9.8000000e+01
   1.4100000e+02   3.9871800e+03   2.5090000e+03   4.3300000e+03   1.6801300e+03   1.3819500e+03   2.1357000e+02  -1.0000000e+00   1.8043500e+03   2.9489000e+02   1.5094500e+03   3.2570000e+01   2.1502600e+03   2.0300000e+01   2.1299600e+03   2.6349900e+03   1.3521900e+03   3.3964000e+02   1.0125500e+03   9.0000000e+00   9.0000000e+00   2.0000000e+00
   3.3430000e+03   5.4654800e+03   2.0740000e+04   2.3539000e+04   1.5606400e+03   4.5449000e+02   1.0446700e+03   4.3823000e+02   3.7939700e+03   1.1914900e+03   2.6024700e+03   9.4070000e+01   1.5774500e+03   1.3073700e+03   2.7008000e+02   4.8886900e+03   5.7679000e+02   3.5214000e+02   2.2465000e+02   3.4900000e+02   3.4500000e+02   1.0100000e+02
   5.9820000e+03   6.0380900e+03   4.0521000e+04   4.2169000e+04   2.8134300e+03   4.6579000e+02   2.2997900e+03   2.6846000e+02   4.9708700e+03   1.5034600e+03   3.4674200e+03   5.9135000e+02   4.7586000e+02   2.7417000e+02   2.0169000e+02   5.4037200e+03   6.3437000e+02   4.4959000e+02   1.8478000e+02   1.7480000e+03   1.6830000e+03   9.9100000e+02
   2.6120000e+03   9.2360000e+02   4.8520000e+03   5.9750000e+03   4.6965000e+02   1.2204000e+02   2.7418000e+02   2.2720000e+01   5.7737000e+02   5.2130000e+01   5.2524000e+02   2.3170000e+01   3.2306000e+02   3.0316000e+02   1.9900000e+01   8.4043000e+02   8.3170000e+01   5.8840000e+01   2.4330000e+01   6.0000000e+02   6.0000000e+02   1.6000000e+02
   2.3340000e+03   8.0469000e+02   5.2320000e+03   5.1210000e+03   4.6095000e+02   5.9890000e+01   3.9574000e+02   3.0570000e+01   5.9346000e+02   2.7857000e+02   3.1489000e+02   1.5040000e+02   6.0830000e+01   4.6150000e+01   1.4670000e+01   6.4319000e+02   1.6150000e+02   7.0830000e+01   9.0670000e+01   5.5700000e+02   4.5800000e+02   1.2800000e+02
   1.0330000e+03   1.2171000e+02   5.9200000e+02   1.1030000e+03   6.8740000e+01   2.6860000e+01   4.0110000e+01   5.6700000e+00   1.0680000e+02   3.3320000e+01   7.3480000e+01   8.8100000e+00   6.1100000e+00   2.9500000e+00   3.1600000e+00   1.1544000e+02   6.2700000e+00   3.7700000e+00   2.5000000e+00   2.3400000e+02   2.3400000e+02   8.6000000e+01
   1.0476000e+04   4.7384400e+03   2.1939000e+04   2.5107000e+04   1.5499400e+03   1.9771000e+02   1.2907600e+03   6.2040000e+01   3.4836000e+03   2.2060000e+02   3.2630000e+03   4.4395000e+02   8.1089000e+02   3.7398000e+02   4.3691000e+02   4.6300500e+03   1.0838000e+02   5.3030000e+01   5.5350000e+01   1.3130000e+03   1.3120000e+03   2.8300000e+02
   3.3700000e+02   1.1435900e+03   6.4160000e+03   7.4690000e+03   4.2553000e+02   7.2900000e+00   3.9854000e+02   7.9000000e+00   9.3727000e+02   6.7890000e+01   8.6938000e+02   1.7126000e+02   3.5060000e+01   8.5000000e+00   2.6560000e+01   1.0613000e+03   8.2280000e+01   4.8730000e+01   3.3560000e+01   8.7000000e+01   8.5000000e+01   5.0000000e+00
   1.5160000e+03   3.0508000e+02   2.6830000e+03   3.1310000e+03   1.2549000e+02   1.2180000e+01   1.0768000e+02   4.5200000e+00   1.5974000e+02   4.4370000e+01   1.1537000e+02   9.5400000e+00   1.3580000e+02   5.6510000e+01   7.9300000e+01   2.9162000e+02   1.3470000e+01   1.0500000e+01   2.9600000e+00   7.6000000e+01   7.6000000e+01   3.0000000e+01
